According to the following data, the NN has the highest accuracy when Epoch = 10, lr = 0.1, hidden_nodes = 200

Epoch:
[1, 2, 3, 4, 5, 6, 7, 8, 9, 10, 11], [0.9614166666666667 , 0.9753666666666667, 0.9807, 0.9831666666666666, 0.9857166666666667, 0.9877333333333334, 0.9877166666666667, 0.99005, 0.9898833333333333, 0.9905, 0.9898333333333333]

lr:
[0.1, 0.2, 0.3, 0.4, 0.5, 0.6, 0.7, 0.8, 0.9]
[0.8679166666666667, 0.7405166666666667, 0.70445, 0.5894666666666667, 0.60075, 0.441,
                0.36928333333333335, 0.36243333333333333, 0.26893333333333336]

hidden nodes:
[100, 200, 300, 400, 500, 600], [0.9519, 0.9643166666666667, 0.95955, 0.9628666666666666, 0.9635666666666667, 0.9637833333333333]